max=0.044028603
min=-0.0518112345
