max=0.0437043036
min=-0.0543955089
