max=0.1494504612
min=-0.0840025898
