max=0.0088925168
min=-0.0121419267
