max=4.404937
min=-3.948199
