max=5.132328
min=-6.209649
