max=0.0178598667
min=-0.0172762859
