max=0.1686336413
min=-0.0881300142
